System Init...

[RunMode Debug@] key or [RunMode Normal@] starting ...
Debug Mode Running...

Press RUN/STOP Key Or [INIT@] for Init System.
OK.
Current System Board : 

	+=========+=========+=========+=========+=========+=========+=========+=========+
	| Board-1 | Board-2 | Board-3 | Board-4 | Board-5 | Board-6 | Board-7 | Board-8 |
	+=========+=========+=========+=========+=========+=========+=========+=========+
	|   Yes   |   Yes   |   N/A   |   N/A   |   N/A   |   N/A   |   N/A   |   N/A   |
	+=========+=========+=========+=========+=========+=========+=========+=========+

System Init end.
Please enter the Package Type of the TC18B20 and the voltage of the Vcc Pin
And enter the [8] PT100s(1<= Number <= 32) used in the system in order(NormalEg: TO92-3.3V,PT100,1,4,7,8@ or DebugEg: TO92-3.3V,@):
TO92-3.3V,PT100,1,2,3,4,5,6,7,8@

[start read TemperaturePoints@] EG:(1 or 4 or 6 or 10 or 11)starting ...
1 TemperaturePoint
Isum = 0.041504 A
Vcc(V)	Ta(Celsius)	001	002	003	004	005	006	007	008	009	010	011	012	013	014	015	016	017	018	019	020	021	022	023	024	025	026	027	028	029	030	031	032	033	034	035	036	037	038	039	040	041	042	043	044	045	046	047	048	049	050	051	052	053	054	055	056	057	058	059	060	061	062	063	064	065	066	067	068	069	070	071	072	073	074	075	076	077	078	079	080	081	082	083	084	085	086	087	088	089	090	091	092	093	094	095	096	Icc_sum(A)



	Set chamber's temperature to 25.00 Celsius.
		-0.062500	-0.062500	-0.062500	-0.062500	-0.062500	-0.062500	-0.062500	-0.062500	-0.062500	-0.062500	-0.062500	-0.062500	-0.062500	-0.062500	-0.062500	-0.062500	-0.062500	-0.062500	-0.062500	-0.062500	-0.062500	-0.062500	-0.062500	-0.062500	30.750000	30.312500	30.562500	30.375000	30.312500	30.500000	30.875000	30.687500	30.500000	30.500000	30.312500	30.437500	30.812500	30.250000	30.312500	30.187500	30.312500	30.312500	30.437500	30.375000	30.437500	30.187500	30.250000	30.125000	30.937500	30.687500	30.687500	30.437500	30.437500	30.687500	30.875000	30.625000	30.562500	30.500000	30.312500	30.437500	30.812500	30.500000	30.687500	30.500000	30.250000	30.500000	30.437500	30.375000	30.312500	30.187500	30.250000	30.312500	30.937500	30.750000	30.562500	30.562500	30.625000	30.437500	30.687500	30.625000	30.562500	30.437500	30.500000	30.437500	30.687500	30.562500	30.312500	30.562500	30.437500	30.375000	30.500000	30.375000	30.375000	30.437500	30.187500	30.437500	0.030060
		-0.062500	-0.062500	-0.062500	-0.062500	-0.062500	-0.062500	-0.062500	-0.062500	-0.062500	-0.062500	-0.062500	-0.062500	-0.062500	-0.062500	-0.062500	-0.062500	-0.062500	-0.062500	-0.062500	-0.062500	-0.062500	-0.062500	-0.062500	-0.062500	30.812500	30.375000	30.562500	30.375000	30.312500	30.500000	30.875000	30.750000	30.500000	30.500000	30.312500	30.437500	30.812500	30.250000	30.375000	30.187500	30.312500	30.312500	30.500000	30.375000	30.437500	30.187500	30.250000	30.125000	30.937500	30.687500	30.687500	30.500000	30.437500	30.687500	30.875000	30.687500	30.562500	30.562500	30.312500	30.437500	30.875000	30.500000	30.750000	30.500000	30.250000	30.500000	30.437500	30.375000	30.312500	30.250000	30.250000	30.312500	30.937500	30.812500	30.562500	30.562500	30.625000	30.437500	30.687500	30.625000	30.625000	30.375000	30.500000	30.500000	30.687500	30.562500	30.312500	30.562500	30.437500	30.375000	30.500000	30.375000	30.375000	30.437500	30.250000	30.437500	0.030060
		-0.062500	-0.062500	-0.062500	-0.062500	-0.062500	-0.062500	-0.062500	-0.062500	-0.062500	-0.062500	-0.062500	-0.062500	-0.062500	-0.062500	-0.062500	-0.062500	-0.062500	-0.062500	-0.062500	-0.062500	-0.062500	-0.062500	-0.062500	-0.062500	30.750000	30.312500	30.562500	30.375000	30.375000	30.562500	30.875000	30.750000	30.500000	30.500000	30.312500	30.437500	30.812500	30.250000	30.375000	30.187500	30.312500	30.375000	30.500000	30.375000	30.437500	30.250000	30.250000	30.187500	31.000000	30.750000	30.750000	30.500000	30.437500	30.750000	30.875000	30.687500	30.625000	30.562500	30.375000	30.437500	30.875000	30.562500	30.750000	30.500000	30.312500	30.500000	30.500000	30.375000	30.375000	30.250000	30.250000	30.312500	30.937500	30.812500	30.562500	30.562500	30.687500	30.500000	30.687500	30.625000	30.625000	30.437500	30.562500	30.500000	30.750000	30.562500	30.375000	30.562500	30.437500	30.437500	30.500000	30.437500	30.375000	30.437500	30.250000	30.437500	0.030060
		-0.062500	-0.062500	-0.062500	-0.062500	-0.062500	-0.062500	-0.062500	-0.062500	-0.062500	-0.062500	-0.062500	-0.062500	-0.062500	-0.062500	-0.062500	-0.062500	-0.062500	-0.062500	-0.062500	-0.062500	-0.062500	-0.062500	-0.062500	-0.062500	30.750000	30.375000	30.562500	30.375000	30.312500	30.562500	30.875000	30.750000	30.562500	30.500000	30.312500	30.437500	30.812500	30.312500	30.375000	30.187500	30.312500	30.312500	30.500000	30.375000	30.437500	30.250000	30.250000	30.187500	31.000000	30.750000	30.750000	30.500000	30.437500	30.750000	31.000000	30.750000	30.625000	30.562500	30.375000	30.437500	30.937500	30.562500	30.750000	30.562500	30.312500	30.562500	30.500000	30.375000	30.437500	30.250000	30.312500	30.312500	31.000000	30.812500	30.625000	30.562500	30.625000	30.500000	30.687500	30.625000	30.625000	30.437500	30.500000	30.500000	30.687500	30.562500	30.375000	30.562500	30.437500	30.437500	30.500000	30.437500	30.437500	30.437500	30.250000	30.437500	0.030060
		-0.062500	-0.062500	-0.062500	-0.062500	-0.062500	-0.062500	-0.062500	-0.062500	-0.062500	-0.062500	-0.062500	-0.062500	-0.062500	-0.062500	-0.062500	-0.062500	-0.062500	-0.062500	-0.062500	-0.062500	-0.062500	-0.062500	-0.062500	-0.062500	30.750000	30.375000	30.562500	30.375000	30.375000	30.562500	30.875000	30.750000	30.562500	30.500000	30.312500	30.500000	30.812500	30.312500	30.375000	30.250000	30.312500	30.312500	30.500000	30.375000	30.500000	30.250000	30.250000	30.187500	31.000000	30.750000	30.750000	30.500000	30.500000	30.750000	31.000000	30.750000	30.625000	30.562500	30.375000	30.500000	30.937500	30.562500	30.812500	30.562500	30.312500	30.562500	30.500000	30.437500	30.437500	30.312500	30.312500	30.312500	31.000000	30.875000	30.625000	30.625000	30.687500	30.500000	30.750000	30.687500	30.687500	30.437500	30.562500	30.500000	30.750000	30.562500	30.375000	30.625000	30.437500	30.437500	30.562500	30.437500	30.375000	30.437500	30.250000	30.500000	0.030060
		-0.062500	-0.062500	-0.062500	-0.062500	-0.062500	-0.062500	-0.062500	-0.062500	-0.062500	-0.062500	-0.062500	-0.062500	-0.062500	-0.062500	-0.062500	-0.062500	-0.062500	-0.062500	-0.062500	-0.062500	-0.062500	-0.062500	-0.062500	-0.062500	30.812500	30.375000	30.562500	30.375000	30.375000	30.562500	30.875000	30.750000	30.562500	30.500000	30.375000	30.500000	30.812500	30.312500	30.375000	30.250000	30.375000	30.375000	30.500000	30.375000	30.500000	30.250000	30.250000	30.187500	31.062500	30.812500	30.750000	30.500000	30.500000	30.812500	31.000000	30.687500	30.625000	30.562500	30.375000	30.500000	30.937500	30.625000	30.812500	30.562500	30.312500	30.562500	30.562500	30.437500	30.437500	30.250000	30.312500	30.375000	31.000000	30.812500	30.625000	30.625000	30.687500	30.500000	30.687500	30.625000	30.625000	30.437500	30.562500	30.562500	30.750000	30.562500	30.375000	30.625000	30.500000	30.500000	30.562500	30.437500	30.437500	30.437500	30.312500	30.500000	0.030060
		-0.062500	-0.062500	-0.062500	-0.062500	-0.062500	-0.062500	-0.062500	-0.062500	-0.062500	-0.062500	-0.062500	-0.062500	-0.062500	-0.062500	-0.062500	-0.062500	-0.062500	-0.062500	-0.062500	-0.062500	-0.062500	-0.062500	-0.062500	-0.062500	30.812500	30.375000	30.562500	30.375000	30.375000	30.562500	30.937500	30.750000	30.562500	30.562500	30.312500	30.500000	30.812500	30.312500	30.375000	30.250000	30.375000	30.375000	30.562500	30.437500	30.500000	30.312500	30.312500	30.187500	31.062500	30.812500	30.750000	30.500000	30.500000	30.750000	31.000000	30.750000	30.625000	30.625000	30.375000	30.437500	30.937500	30.625000	30.812500	30.562500	30.312500	30.562500	30.500000	30.437500	30.437500	30.312500	30.312500	30.375000	31.000000	30.875000	30.625000	30.625000	30.687500	30.500000	30.750000	30.687500	30.687500	30.437500	30.562500	30.562500	30.750000	30.625000	30.437500	30.625000	30.500000	30.500000	30.562500	30.437500	30.437500	30.437500	30.250000	30.500000	0.030060
		-0.062500	-0.062500	-0.062500	-0.062500	-0.062500	-0.062500	-0.062500	-0.062500	-0.062500	-0.062500	-0.062500	-0.062500	-0.062500	-0.062500	-0.062500	-0.062500	-0.062500	-0.062500	-0.062500	-0.062500	-0.062500	-0.062500	-0.062500	-0.062500	30.812500	30.375000	30.562500	30.375000	30.375000	30.562500	30.937500	30.750000	30.562500	30.562500	30.312500	30.500000	30.875000	30.312500	30.375000	30.250000	30.375000	30.375000	30.562500	30.437500	30.500000	30.250000	30.312500	30.187500	31.062500	30.812500	30.750000	30.500000	30.500000	30.750000	31.000000	30.750000	30.687500	30.562500	30.375000	30.500000	30.937500	30.562500	30.812500	30.562500	30.312500	30.562500	30.500000	30.437500	30.437500	30.312500	30.312500	30.375000	31.000000	30.875000	30.625000	30.625000	30.687500	30.562500	30.750000	30.687500	30.687500	30.500000	30.562500	30.562500	30.750000	30.562500	30.437500	30.625000	30.500000	30.500000	30.562500	30.437500	30.437500	30.500000	30.312500	30.500000	0.030060
		-0.062500	-0.062500	-0.062500	-0.062500	-0.062500	-0.062500	-0.062500	-0.062500	-0.062500	-0.062500	-0.062500	-0.062500	-0.062500	-0.062500	-0.062500	-0.062500	-0.062500	-0.062500	-0.062500	-0.062500	-0.062500	-0.062500	-0.062500	-0.062500	30.812500	30.375000	30.562500	30.437500	30.375000	30.625000	30.937500	30.750000	30.562500	30.562500	30.375000	30.500000	30.875000	30.250000	30.375000	30.250000	30.375000	30.375000	30.562500	30.437500	30.500000	30.250000	30.312500	30.250000	31.062500	30.812500	30.750000	30.562500	30.500000	30.812500	31.000000	30.750000	30.625000	30.625000	30.375000	30.500000	30.937500	30.562500	30.812500	30.562500	30.312500	30.562500	30.562500	30.437500	30.437500	30.312500	30.312500	30.375000	31.000000	30.875000	30.625000	30.625000	30.687500	30.562500	30.750000	30.687500	30.625000	30.437500	30.562500	30.562500	30.750000	30.625000	30.375000	30.625000	30.500000	30.500000	30.562500	30.500000	30.437500	30.500000	30.312500	30.500000	0.030060
		-0.062500	-0.062500	-0.062500	-0.062500	-0.062500	-0.062500	-0.062500	-0.062500	-0.062500	-0.062500	-0.062500	-0.062500	-0.062500	-0.062500	-0.062500	-0.062500	-0.062500	-0.062500	-0.062500	-0.062500	-0.062500	-0.062500	-0.062500	-0.062500	30.812500	30.375000	30.625000	30.437500	30.437500	30.625000	30.937500	30.750000	30.562500	30.562500	30.375000	30.500000	30.875000	30.312500	30.437500	30.312500	30.375000	30.375000	30.562500	30.437500	30.500000	30.312500	30.312500	30.250000	31.062500	30.812500	30.750000	30.562500	30.500000	30.812500	31.000000	30.750000	30.625000	30.562500	30.437500	30.500000	30.937500	30.625000	30.812500	30.562500	30.312500	30.562500	30.500000	30.437500	30.437500	30.312500	30.312500	30.375000	31.000000	30.875000	30.625000	30.625000	30.687500	30.500000	30.750000	30.625000	30.625000	30.500000	30.625000	30.625000	30.750000	30.562500	30.437500	30.625000	30.500000	30.500000	30.562500	30.437500	30.437500	30.500000	30.312500	30.500000	0.030060


2.70	25.00	-0.062500	-0.062500	-0.062500	-0.062500	-0.062500	-0.062500	-0.062500	-0.062500	-0.062500	-0.062500	-0.062500	-0.062500	-0.062500	-0.062500	-0.062500	-0.062500	-0.062500	-0.062500	-0.062500	-0.062500	-0.062500	-0.062500	-0.062500	-0.062500	30.787500	30.362500	30.568750	30.387500	30.362500	30.562500	30.900000	30.743750	30.543750	30.525000	30.331250	30.475000	30.831250	30.287500	30.375000	30.231250	30.343750	30.350000	30.518750	30.400000	30.475000	30.250000	30.275000	30.187500	31.018760	30.768740	30.737500	30.506250	30.475000	30.756250	30.962500	30.718750	30.618750	30.568750	30.368750	30.468750	30.912500	30.568750	30.781250	30.543750	30.300000	30.543750	30.500000	30.412500	30.406250	30.275000	30.293750	30.343750	30.981250	30.837500	30.606250	30.600000	30.668750	30.500000	30.718750	30.650000	30.637500	30.443750	30.550000	30.531250	30.731250	30.575000	30.381260	30.600000	30.468750	30.456240	30.537500	30.431250	30.412500	30.456250	30.268750	30.475000	

		-0.062500	-0.062500	-0.062500	-0.062500	-0.062500	-0.062500	-0.062500	-0.062500	-0.062500	-0.062500	-0.062500	-0.062500	-0.062500	-0.062500	-0.062500	-0.062500	-0.062500	-0.062500	-0.062500	-0.062500	-0.062500	-0.062500	-0.062500	-0.062500	31.000000	30.562500	30.687500	30.562500	30.500000	30.625000	31.125000	30.937500	30.812500	30.625000	30.500000	30.625000	31.000000	30.500000	30.562500	30.375000	30.437500	30.437500	30.687500	30.500000	30.562500	30.500000	30.437500	30.375000	31.250000	31.000000	30.875000	30.687500	30.687500	30.875000	31.062500	30.875000	30.750000	30.812500	30.562500	30.625000	30.937500	30.875000	30.812500	30.625000	30.500000	30.687500	30.687500	30.625000	30.562500	30.437500	30.437500	30.500000	31.187500	31.000000	30.750000	30.750000	30.875000	30.687500	30.937500	30.875000	30.812500	30.687500	30.750000	30.687500	30.812500	30.875000	30.562500	30.687500	30.625000	30.562500	30.625000	30.625000	30.625000	30.500000	30.562500	30.562500	0.031789
		-0.062500	-0.062500	-0.062500	-0.062500	-0.062500	-0.062500	-0.062500	-0.062500	-0.062500	-0.062500	-0.062500	-0.062500	-0.062500	-0.062500	-0.062500	-0.062500	-0.062500	-0.062500	-0.062500	-0.062500	-0.062500	-0.062500	-0.062500	-0.062500	31.000000	30.625000	30.750000	30.562500	30.500000	30.625000	31.125000	30.937500	30.812500	30.687500	30.562500	30.562500	31.000000	30.562500	30.562500	30.437500	30.437500	30.437500	30.687500	30.500000	30.562500	30.500000	30.437500	30.375000	31.250000	31.000000	30.875000	30.750000	30.625000	30.875000	31.125000	30.937500	30.750000	30.812500	30.562500	30.625000	31.000000	30.875000	30.812500	30.625000	30.500000	30.687500	30.687500	30.625000	30.562500	30.500000	30.437500	30.500000	31.187500	30.937500	30.750000	30.750000	30.875000	30.687500	30.937500	30.875000	30.812500	30.750000	30.750000	30.687500	30.875000	30.875000	30.562500	30.687500	30.625000	30.562500	30.625000	30.687500	30.625000	30.500000	30.562500	30.562500	0.031789
		-0.062500	-0.062500	-0.062500	-0.062500	-0.062500	-0.062500	-0.062500	-0.062500	-0.062500	-0.062500	-0.062500	-0.062500	-0.062500	-0.062500	-0.062500	-0.062500	-0.062500	-0.062500	-0.062500	-0.062500	-0.062500	-0.062500	-0.062500	-0.062500	31.062500	30.625000	30.750000	30.562500	30.562500	30.687500	31.125000	30.937500	30.812500	30.687500	30.562500	30.625000	31.000000	30.562500	30.562500	30.437500	30.437500	30.437500	30.687500	30.500000	30.562500	30.500000	30.437500	30.312500	31.250000	31.000000	30.937500	30.687500	30.687500	30.875000	31.125000	30.937500	30.750000	30.812500	30.562500	30.625000	31.000000	30.875000	30.812500	30.687500	30.562500	30.687500	30.687500	30.625000	30.562500	30.500000	30.437500	30.500000	31.187500	30.937500	30.750000	30.750000	30.875000	30.750000	30.937500	30.875000	30.812500	30.750000	30.750000	30.750000	30.812500	30.875000	30.562500	30.687500	30.625000	30.562500	30.625000	30.687500	30.562500	30.500000	30.562500	30.562500	0.031789
		-0.062500	-0.062500	-0.062500	-0.062500	-0.062500	-0.062500	-0.062500	-0.062500	-0.062500	-0.062500	-0.062500	-0.062500	-0.062500	-0.062500	-0.062500	-0.062500	-0.062500	-0.062500	-0.062500	-0.062500	-0.062500	-0.062500	-0.062500	-0.062500	31.062500	30.625000	30.750000	30.625000	30.500000	30.687500	31.187500	31.000000	30.812500	30.687500	30.562500	30.625000	31.000000	30.562500	30.562500	30.437500	30.437500	30.500000	30.750000	30.500000	30.562500	30.500000	30.437500	30.375000	31.250000	31.000000	30.875000	30.687500	30.687500	30.937500	31.125000	30.937500	30.750000	30.812500	30.562500	30.625000	31.000000	30.875000	30.812500	30.625000	30.562500	30.687500	30.687500	30.625000	30.562500	30.500000	30.437500	30.562500	31.187500	31.000000	30.750000	30.750000	30.875000	30.687500	30.937500	30.875000	30.875000	30.750000	30.750000	30.750000	30.812500	30.875000	30.562500	30.687500	30.625000	30.562500	30.625000	30.687500	30.625000	30.562500	30.500000	30.562500	0.031789
		-0.062500	-0.062500	-0.062500	-0.062500	-0.062500	-0.062500	-0.062500	-0.062500	-0.062500	-0.062500	-0.062500	-0.062500	-0.062500	-0.062500	-0.062500	-0.062500	-0.062500	-0.062500	-0.062500	-0.062500	-0.062500	-0.062500	-0.062500	-0.062500	31.000000	30.625000	30.750000	30.562500	30.500000	30.687500	31.125000	31.000000	30.812500	30.687500	30.562500	30.625000	31.000000	30.562500	30.562500	30.437500	30.500000	30.500000	30.687500	30.500000	30.562500	30.500000	30.437500	30.375000	31.312500	31.062500	30.937500	30.750000	30.687500	30.875000	31.125000	30.937500	30.750000	30.812500	30.625000	30.625000	31.000000	30.875000	30.875000	30.625000	30.500000	30.687500	30.687500	30.625000	30.562500	30.500000	30.437500	30.562500	31.250000	30.937500	30.750000	30.750000	30.875000	30.687500	30.937500	30.875000	30.875000	30.750000	30.812500	30.750000	30.812500	30.875000	30.562500	30.687500	30.625000	30.625000	30.625000	30.687500	30.625000	30.562500	30.500000	30.625000	0.031789
		-0.062500	-0.062500	-0.062500	-0.062500	-0.062500	-0.062500	-0.062500	-0.062500	-0.062500	-0.062500	-0.062500	-0.062500	-0.062500	-0.062500	-0.062500	-0.062500	-0.062500	-0.062500	-0.062500	-0.062500	-0.062500	-0.062500	-0.062500	-0.062500	31.062500	30.625000	30.750000	30.625000	30.562500	30.687500	31.125000	31.000000	30.812500	30.750000	30.562500	30.625000	31.000000	30.562500	30.562500	30.437500	30.437500	30.437500	30.687500	30.500000	30.562500	30.500000	30.437500	30.375000	31.250000	31.000000	30.937500	30.750000	30.687500	30.937500	31.062500	30.937500	30.750000	30.875000	30.562500	30.625000	31.000000	30.875000	30.875000	30.687500	30.562500	30.687500	30.687500	30.687500	30.562500	30.500000	30.500000	30.562500	31.187500	31.000000	30.687500	30.812500	30.875000	30.750000	30.937500	30.937500	30.875000	30.750000	30.812500	30.750000	30.875000	30.875000	30.625000	30.750000	30.687500	30.562500	30.687500	30.687500	30.625000	30.500000	30.562500	30.562500	0.031764
		-0.062500	-0.062500	-0.062500	-0.062500	-0.062500	-0.062500	-0.062500	-0.062500	-0.062500	-0.062500	-0.062500	-0.062500	-0.062500	-0.062500	-0.062500	-0.062500	-0.062500	-0.062500	-0.062500	-0.062500	-0.062500	-0.062500	-0.062500	-0.062500	31.062500	30.625000	30.750000	30.625000	30.562500	30.687500	31.125000	31.000000	30.812500	30.687500	30.562500	30.625000	31.062500	30.562500	30.625000	30.437500	30.500000	30.437500	30.687500	30.500000	30.562500	30.500000	30.500000	30.375000	31.250000	31.062500	30.937500	30.750000	30.750000	30.937500	31.125000	30.937500	30.750000	30.875000	30.562500	30.625000	31.000000	30.875000	30.812500	30.687500	30.562500	30.750000	30.750000	30.625000	30.562500	30.500000	30.500000	30.500000	31.187500	31.000000	30.750000	30.812500	30.875000	30.750000	30.937500	30.937500	30.875000	30.750000	30.750000	30.750000	30.875000	30.875000	30.625000	30.687500	30.687500	30.562500	30.625000	30.687500	30.625000	30.562500	30.562500	30.625000	0.031789
		System Init...

[RunMode Debug@] key or [RunMode Normal@] starting ...
Debug Mode Running...

Press RUN/STOP Key Or [INIT@] for Init System.
OK.
Current System Board : 

	+=========+=========+=========+=========+=========+=========+=========+=========+
	| Board-1 | Board-2 | Board-3 | Board-4 | Board-5 | Board-6 | Board-7 | Board-8 |
	+=========+=========+=========+=========+=========+=========+=========+=========+
	|   Yes   |   Yes   |   N/A   |   N/A   |   N/A   |   N/A   |   N/A   |   N/A   |
	+=========+=========+=========+=========+=========+=========+=========+=========+

System Init end.
Please enter the Package Type of the TC18B20 and the voltage of the Vcc Pin
And enter the [8] PT100s(1<= Number <= 32) used in the system in order(NormalEg: TO92-3.3V,PT100,1,4,7,8@ or DebugEg: TO92-3.3V,@):
TO92-3.3V,PT100,1,2,3,4,5,6,7,8@

[start read TemperaturePoints@] EG:(1 or 4 or 6 or 10 or 11)starting ...
RatationValues:0x08
Isum = 0.041504 A
Vcc(V)	Ta(Celsius)	001	002	003	004	005	006	007	008	009	010	011	012	013	014	015	016	017	018	019	020	021	022	023	024	025	026	027	028	029	030	031	032	033	034	035	036	037	038	039	040	041	042	043	044	045	046	047	048	049	050	051	052	053	054	055	056	057	058	059	060	061	062	063	064	065	066	067	068	069	070	071	072	073	074	075	076	077	078	079	080	081	082	083	084	085	086	087	088	089	090	091	092	093	094	095	096	Icc_sum(A)


		Vcc = 3.30 V
		Write data : fe0f

		-0.062500	-0.062500	-0.062500	-0.062500	-0.062500	-0.062500	-0.062500	-0.062500	-0.062500	-0.062500	-0.062500	-0.062500	-0.062500	-0.062500	-0.062500	-0.062500	-0.062500	-0.062500	-0.062500	-0.062500	-0.062500	-0.062500	-0.062500	-0.062500	27.125000	26.312500	26.187500	26.562500	26.750000	26.625000	27.250000	26.687500	27.062500	26.937500	26.812500	26.812500	26.937500	26.500000	26.562500	26.375000	26.437500	26.687500	26.625000	26.437500	26.562500	26.250000	26.687500	26.375000	27.437500	27.312500	26.937500	26.687500	27.187500	26.937500	27.375000	27.437500	27.250000	27.125000	26.812500	26.875000	27.250000	26.875000	26.625000	26.687500	26.812500	26.750000	26.937500	26.625000	26.562500	26.250000	26.500000	26.562500	27.187500	27.000000	27.000000	26.812500	26.687500	26.562500	26.937500	26.437500	26.625000	26.500000	27.000000	26.500000	26.875000	26.937500	26.875000	26.750000	26.187500	26.625000	26.937500	26.437500	26.375000	26.500000	26.500000	26.562500	0.031815
		-0.062500	-0.062500	-0.062500	-0.062500	-0.062500	-0.062500	-0.062500	-0.062500	-0.062500	-0.062500	-0.062500	-0.062500	-0.062500	-0.062500	-0.062500	-0.062500	-0.062500	-0.062500	-0.062500	-0.062500	-0.062500	-0.062500	-0.062500	-0.062500	27.187500	26.312500	26.187500	26.562500	26.750000	26.625000	27.312500	26.687500	27.062500	26.937500	26.750000	26.875000	26.937500	26.500000	26.562500	26.437500	26.437500	26.687500	26.625000	26.437500	26.562500	26.250000	26.687500	26.312500	27.500000	27.250000	26.937500	26.687500	27.250000	26.937500	27.312500	27.437500	27.250000	27.062500	26.812500	26.875000	27.187500	26.875000	26.562500	26.687500	26.812500	26.750000	26.937500	26.687500	26.562500	26.250000	26.500000	26.562500	27.250000	27.000000	27.000000	26.812500	26.687500	26.500000	26.937500	26.437500	26.625000	26.500000	27.062500	26.500000	26.875000	26.937500	26.875000	26.750000	26.187500	26.625000	26.937500	26.437500	26.375000	26.562500	26.500000	26.562500	0.031815
		-0.062500	-0.062500	-0.062500	-0.062500	-0.062500	-0.062500	-0.062500	-0.062500	-0.062500	-0.062500	-0.062500	-0.062500	-0.062500	-0.062500	-0.062500	-0.062500	-0.062500	-0.062500	-0.062500	-0.062500	-0.062500	-0.062500	-0.062500	-0.062500	27.125000	26.312500	26.250000	26.562500	26.750000	26.625000	27.312500	26.687500	27.062500	26.937500	26.812500	26.875000	26.937500	26.500000	26.562500	26.437500	26.437500	26.687500	26.687500	26.500000	26.562500	26.250000	26.750000	26.312500	27.500000	27.250000	26.937500	26.687500	27.250000	26.937500	27.375000	27.437500	27.250000	27.125000	26.812500	26.875000	27.250000	26.875000	26.562500	26.687500	26.812500	26.750000	26.937500	26.687500	26.562500	26.250000	26.500000	26.562500	27.187500	27.000000	27.000000	26.812500	26.687500	26.500000	26.937500	26.437500	26.625000	26.500000	27.062500	26.500000	26.875000	26.937500	26.875000	26.750000	26.187500	26.625000	26.937500	26.437500	26.375000	26.562500	26.562500	26.562500	0.031815
		-0.062500	-0.062500	-0.062500	-0.062500	-0.062500	-0.062500	-0.062500	-0.062500	-0.062500	-0.062500	-0.062500	-0.062500	-0.062500	-0.062500	-0.062500	-0.062500	-0.062500	-0.062500	-0.062500	-0.062500	-0.062500	-0.062500	-0.062500	-0.062500	27.187500	26.312500	26.187500	26.562500	26.750000	26.625000	27.312500	26.687500	27.000000	26.937500	26.812500	26.875000	26.937500	26.500000	26.562500	26.437500	26.437500	26.687500	26.625000	26.500000	26.562500	26.250000	26.687500	26.375000	27.500000	27.312500	26.937500	26.687500	27.250000	26.937500	27.375000	27.437500	27.250000	27.125000	26.875000	26.875000	27.187500	26.875000	26.625000	26.687500	26.812500	26.750000	27.000000	26.687500	26.625000	26.250000	26.500000	26.562500	27.187500	27.000000	27.062500	26.812500	26.625000	26.500000	26.937500	26.437500	26.625000	26.562500	27.062500	26.500000	26.875000	26.937500	26.875000	26.750000	26.187500	26.625000	26.875000	26.437500	26.375000	26.562500	26.500000	26.562500	0.031815
		-0.062500	-0.062500	-0.062500	-0.062500	-0.062500	-0.062500	-0.062500	-0.062500	-0.062500	-0.062500	-0.062500	-0.062500	-0.062500	-0.062500	-0.062500	-0.062500	-0.062500	-0.062500	-0.062500	-0.062500	-0.062500	-0.062500	-0.062500	-0.062500	27.187500	26.312500	26.250000	26.625000	26.750000	26.625000	27.312500	26.687500	27.000000	26.937500	26.750000	26.875000	26.937500	26.562500	26.562500	26.437500	26.437500	26.687500	26.687500	26.500000	26.562500	26.312500	26.687500	26.375000	27.437500	27.312500	26.937500	26.625000	27.250000	26.937500	27.375000	27.437500	27.250000	27.125000	26.875000	26.875000	27.250000	26.875000	26.625000	26.687500	26.812500	26.750000	27.000000	26.687500	26.625000	26.312500	26.500000	26.562500	27.250000	27.000000	27.062500	26.812500	26.625000	26.562500	26.937500	26.437500	26.625000	26.562500	27.062500	26.500000	26.875000	26.937500	26.875000	26.750000	26.187500	26.625000	26.937500	26.437500	26.375000	26.562500	26.562500	26.562500	0.031815
		-0.062500	-0.062500	-0.062500	-0.062500	-0.062500	-0.062500	-0.062500	-0.062500	-0.062500	-0.062500	-0.062500	-0.062500	-0.062500	-0.062500	-0.062500	-0.062500	-0.062500	-0.062500	-0.062500	-0.062500	-0.062500	-0.062500	-0.062500	-0.062500	27.187500	26.312500	26.187500	26.562500	26.812500	26.687500	27.312500	26.687500	27.062500	26.937500	26.812500	26.875000	27.000000	26.562500	26.562500	26.437500	26.437500	26.687500	26.625000	26.500000	26.562500	26.312500	26.687500	26.375000	27.500000	27.312500	26.937500	26.687500	27.250000	26.937500	27.375000	27.437500	27.250000	27.125000	26.875000	26.937500	27.250000	26.875000	26.625000	26.750000	26.812500	26.750000	27.000000	26.687500	26.625000	26.312500	26.500000	26.562500	27.250000	27.000000	27.000000	26.812500	26.687500	26.562500	26.937500	26.437500	26.625000	26.562500	27.062500	26.500000	26.875000	26.937500	26.875000	26.750000	26.187500	26.625000	26.937500	26.500000	26.375000	26.562500	26.562500	26.625000	0.031815
		-0.062500	-0.062500	-0.062500	-0.062500	-0.062500	-0.062500	-0.062500	-0.062500	-0.062500	-0.062500	-0.062500	-0.062500	-0.062500	-0.062500	-0.062500	-0.062500	-0.062500	-0.062500	-0.062500	-0.062500	-0.062500	-0.062500	-0.062500	-0.062500	27.187500	26.312500	26.250000	26.562500	26.812500	26.687500	27.375000	26.687500	27.062500	26.937500	26.812500	26.875000	26.937500	26.562500	26.562500	26.437500	26.437500	26.687500	26.687500	26.500000	26.562500	26.250000	26.687500	26.375000	27.437500	27.312500	26.937500	26.687500	27.250000	26.937500	27.375000	27.437500	27.250000	27.062500	26.875000	26.937500	27.250000	26.875000	26.625000	26.687500	26.812500	26.750000	27.000000	26.687500	26.625000	26.312500	26.562500	26.562500	27.250000	27.062500	27.062500	26.812500	26.687500	26.562500	27.000000	26.437500	26.687500	26.562500	27.062500	26.500000	26.875000	26.937500	26.875000	26.750000	26.187500	26.625000	26.937500	26.500000	26.375000	26.562500	26.562500	26.625000	0.031815
		-0.062500	-0.062500	-0.062500	-0.062500	-0.062500	-0.062500	-0.062500	-0.062500	-0.062500	-0.062500	-0.062500	-0.062500	-0.062500	-0.062500	-0.062500	-0.062500	-0.062500	-0.062500	-0.062500	-0.062500	-0.062500	-0.062500	-0.062500	-0.062500	27.250000	26.375000	26.250000	26.625000	26.812500	26.687500	27.312500	26.687500	27.062500	26.937500	26.812500	26.875000	27.000000	26.562500	26.562500	26.437500	26.500000	26.687500	26.687500	26.500000	26.562500	26.312500	26.687500	26.375000	27.500000	27.312500	26.937500	26.687500	27.250000	27.000000	27.312500	27.437500	27.250000	27.125000	26.875000	26.937500	27.250000	26.875000	26.625000	26.687500	26.812500	26.750000	27.000000	26.687500	26.625000	26.312500	26.500000	26.562500	27.250000	27.062500	27.062500	26.875000	26.687500	26.562500	27.000000	26.437500	26.625000	26.562500	27.062500	26.500000	26.875000	26.937500	26.875000	26.750000	26.187500	26.625000	26.937500	26.437500	26.375000	26.562500	26.562500	26.625000	0.031815
		-0.062500	-0.062500	-0.062500	-0.062500	-0.062500	-0.062500	-0.062500	-0.062500	-0.062500	-0.062500	-0.062500	-0.062500	-0.062500	-0.062500	-0.062500	-0.062500	-0.062500	-0.062500	-0.062500	-0.062500	-0.062500	-0.062500	-0.062500	-0.062500	27.250000	26.375000	26.250000	26.625000	26.812500	26.687500	27.312500	26.687500	27.062500	26.937500	26.812500	26.875000	27.000000	26.562500	26.562500	26.437500	26.500000	26.687500	26.687500	26.500000	26.562500	26.312500	26.687500	26.375000	27.500000	27.312500	26.937500	26.750000	27.250000	26.937500	27.375000	27.437500	27.250000	27.125000	26.875000	26.937500	27.250000	26.875000	26.625000	26.687500	26.875000	26.750000	26.937500	26.687500	26.625000	26.312500	26.562500	26.625000	27.250000	27.062500	27.062500	26.875000	26.687500	26.562500	26.937500	26.500000	26.687500	26.562500	27.062500	26.562500	26.875000	26.937500	26.875000	26.750000	26.187500	26.625000	26.937500	26.500000	26.437500	26.562500	26.562500	26.625000	0.031815
		-0.062500	-0.062500	-0.062500	-0.062500	-0.062500	-0.062500	-0.062500	-0.062500	-0.062500	-0.062500	-0.062500	-0.062500	-0.062500	-0.062500	-0.062500	-0.062500	-0.062500	-0.062500	-0.062500	-0.062500	-0.062500	-0.062500	-0.062500	-0.062500	27.187500	26.375000	26.250000	26.625000	26.812500	26.687500	27.312500	26.750000	27.062500	26.937500	26.812500	26.875000	27.000000	26.562500	26.562500	26.437500	26.500000	26.687500	26.687500	26.500000	26.562500	26.312500	26.687500	26.375000	27.500000	27.312500	26.937500	26.687500	27.250000	26.937500	27.375000	27.437500	27.250000	27.125000	26.875000	26.937500	27.250000	26.875000	26.625000	26.750000	26.875000	26.750000	27.000000	26.687500	26.625000	26.312500	26.562500	26.625000	27.250000	27.000000	27.062500	26.812500	26.687500	26.562500	26.937500	26.437500	26.687500	26.562500	27.062500	26.500000	26.875000	26.937500	26.875000	26.750000	26.187500	26.625000	26.937500	26.500000	26.375000	26.562500	26.562500	26.625000	0.031815

	TC18B20 Temperature Average Value :
		-0.062500	-0.062500	-0.062500	-0.062500	-0.062500	-0.062500	-0.062500	-0.062500	-0.062500	-0.062500	-0.062500	-0.062500	-0.062500	-0.062500	-0.062500	-0.062500	-0.062500	-0.062500	-0.062500	-0.062500	-0.062500	-0.062500	-0.062500	-0.062500	27.187500	26.331250	26.225000	26.587500	26.781250	26.656250	27.312500	26.693750	27.049990	26.937500	26.800000	26.868750	26.962500	26.537500	26.562500	26.431250	26.456250	26.687500	26.662500	26.487500	26.562500	26.281250	26.693750	26.362500	27.481250	27.300000	26.937500	26.687500	27.243750	26.943750	27.362500	27.437500	27.250000	27.112500	26.856250	26.906250	27.237500	26.875000	26.612500	26.700000	26.825000	26.750000	26.975000	26.681250	26.606250	26.287500	26.518750	26.575000	27.231250	27.018750	27.037500	26.825000	26.675000	26.543750	26.950000	26.443750	26.643750	26.543750	27.056250	26.506250	26.875000	26.937500	26.875000	26.750000	26.187500	26.625000	26.931250	26.462500	26.381250	26.556250	26.543750	26.593750	


Cal Offset data : 		0	0	0	0	0	0	0	0	0	0	0	0	0	0	0	0	0	0	0	0	0	0	0	0	-109	-105	-105	-106	-107	-107	-109	-107	-108	-108	-107	-107	-108	-106	-106	-106	-106	-107	-107	-106	-106	-105	-107	-105	-110	-109	-108	-107	-109	-108	-109	-110	-109	-108	-107	-108	-109	-107	-106	-107	-107	-107	-108	-107	-106	-105	-106	-106	-109	-108	-108	-107	-107	-106	-108	-106	-106	-106	-108	-106	-107	-108	-107	-107	-105	-106	-108	-106	-105	-106	-106	-106	
Read ADJ1 data : 		255	255	255	255	255	255	255	255	255	255	255	255	255	255	255	255	255	255	255	255	255	255	255	255	255	255	255	255	255	255	255	255	255	255	255	255	255	255	255	255	255	255	255	255	255	255	255	255	255	255	255	255	255	255	255	255	255	255	255	255	255	255	255	255	255	255	255	255	255	255	255	255	255	255	255	255	255	255	255	255	255	255	255	255	255	255	255	255	255	255	255	255	255	255	255	255	
Read ADJ2 data : 		255	255	255	255	255	255	255	255	255	255	255	255	255	255	255	255	255	255	255	255	255	255	255	255	53	117	117	101	85	85	53	85	69	69	85	85	69	101	101	101	101	85	85	101	101	117	85	117	37	53	69	85	53	69	53	37	53	69	85	69	53	85	101	85	85	85	69	85	101	117	101	101	53	69	69	85	85	101	69	101	101	101	69	101	85	69	85	85	117	101	69	101	117	101	101	101	
Rotation Values : 		 