System Init...

	Program Version V1.6.1...

Please Send Commad : Start Debug/Normal Read/Trim TemperaturePoints@

TemperaturePoints : One,Three,Six,Ten,Eleven

Add 'Default' can skip input Pt100

Default : TO92-3.3V,PT100,1,2,3,4,5,6,7,8@

  Normal Default_Trim  1 TemperaturePoint


Please input Trimming Data EG: Version #VBE,Rotation  //Version: B or C@
Version B | Rotation Values: 0 to 15
Version C | Rotation Values: 0 to 7   VBE Values: 0 to 254

Trimming Program Version is C

  VBE and Rotation:150	0	

OK.
Current System Board : 

	+=========+=========+=========+=========+=========+=========+=========+=========+
	| Board-1 | Board-2 | Board-3 | Board-4 | Board-5 | Board-6 | Board-7 | Board-8 |
	+=========+=========+=========+=========+=========+=========+=========+=========+
	|   Yes   |   Yes   |   N/A   |   N/A   |   N/A   |   N/A   |   N/A   |   N/A   |
	+=========+=========+=========+=========+=========+=========+=========+=========+

System Init end.
Isum = 0.042572 A
Vcc(V)	Ta(Celsius)	001	002	003	004	005	006	007	008	009	010	011	012	013	014	015	016	017	018	019	020	021	022	023	024	025	026	027	028	029	030	031	032	033	034	035	036	037	038	039	040	041	042	043	044	045	046	047	048	049	050	051	052	053	054	055	056	057	058	059	060	061	062	063	064	065	066	067	068	069	070	071	072	073	074	075	076	077	078	079	080	081	082	083	084	085	086	087	088	089	090	091	092	093	094	095	096	PT100-01	PT100-02	PT100-03	PT100-04	PT100-05	PT100-06	PT100-07	PT100-08	Icc_sum(A)


Trimming Start ......


	Set chamber's temperature to 25.00 Celsius.

		Vcc = 3.30 V
		Write data : 150	0	

		20.375000	20.125000	20.000000	20.125000	19.937500	20.125000	20.312500	20.250000	20.250000	20.125000	20.125000	20.250000	19.812500	20.375000	20.312500	20.500000	20.187500	20.437500	20.187500	20.000000	19.937500	20.312500	20.187500	20.062500	20.312500	20.000000	20.187500	20.000000	20.000000	20.312500	20.125000	20.125000	20.562500	20.187500	20.062500	19.937500	20.312500	20.250000	20.375000	20.250000	20.375000	20.500000	20.187500	20.062500	20.312500	19.812500	20.187500	20.250000	20.250000	20.062500	20.000000	20.062500	20.125000	20.375000	20.187500	20.312500	20.375000	20.312500	20.062500	20.250000	20.375000	20.375000	20.437500	20.187500	20.250000	20.250000	20.250000	20.250000	20.250000	20.312500	20.187500	20.312500	20.062500	20.250000	20.125000	20.125000	20.312500	20.375000	20.000000	20.312500	20.250000	20.187500	20.250000	20.062500	20.062500	19.812500	20.125000	20.000000	20.187500	20.000000	20.312500	20.187500	20.312500	20.187500	20.312500	20.312500	24.940000	24.880000	24.880000	24.850000	24.790000	24.870000	24.880000	24.870000	0.045776
		20.375000	20.125000	20.000000	20.125000	19.937500	20.187500	20.375000	20.250000	20.250000	20.125000	20.125000	20.250000	19.812500	20.375000	20.375000	20.500000	20.187500	20.375000	20.250000	20.062500	19.937500	20.375000	20.250000	20.062500	20.250000	20.062500	20.187500	20.000000	20.000000	20.375000	20.125000	20.187500	20.500000	20.187500	20.125000	20.000000	20.312500	20.250000	20.437500	20.250000	20.375000	20.437500	20.187500	20.125000	20.312500	19.875000	20.250000	20.250000	20.250000	20.062500	20.000000	20.125000	20.125000	20.375000	20.187500	20.312500	20.375000	20.312500	20.062500	20.250000	20.437500	20.375000	20.437500	20.250000	20.250000	20.250000	20.250000	20.250000	20.250000	20.375000	20.187500	20.312500	20.062500	20.250000	20.125000	20.187500	20.312500	20.375000	20.062500	20.312500	20.250000	20.250000	20.250000	20.062500	20.125000	19.750000	20.125000	20.000000	20.250000	20.062500	20.312500	20.187500	20.375000	20.250000	20.312500	20.312500	24.940000	24.880000	24.880000	24.850000	24.790000	24.870000	24.880000	24.870000	0.045776
		20.375000	20.125000	20.000000	20.125000	19.937500	20.125000	20.375000	20.250000	20.250000	20.125000	20.125000	20.250000	19.812500	20.375000	20.375000	20.500000	20.125000	20.437500	20.250000	20.062500	19.937500	20.375000	20.250000	20.062500	20.250000	20.062500	20.187500	20.000000	20.000000	20.375000	20.125000	20.187500	20.500000	20.250000	20.125000	20.000000	20.312500	20.250000	20.375000	20.250000	20.375000	20.437500	20.187500	20.125000	20.312500	19.812500	20.187500	20.250000	20.250000	20.062500	20.000000	20.125000	20.187500	20.375000	20.187500	20.250000	20.312500	20.312500	20.125000	20.250000	20.437500	20.437500	20.437500	20.250000	20.250000	20.250000	20.250000	20.250000	20.250000	20.375000	20.187500	20.312500	20.062500	20.250000	20.125000	20.187500	20.375000	20.375000	20.062500	20.312500	20.250000	20.187500	20.250000	20.125000	20.125000	19.812500	20.125000	20.000000	20.187500	20.062500	20.312500	20.187500	20.375000	20.187500	20.312500	20.312500	24.940000	24.880000	24.880000	24.850000	24.790000	24.870000	24.880000	24.870000	0.045776
		20.375000	20.125000	20.000000	20.125000	19.937500	20.125000	20.375000	20.250000	20.250000	20.125000	20.125000	20.250000	19.812500	20.375000	20.375000	20.500000	20.187500	20.375000	20.187500	20.062500	19.937500	20.375000	20.250000	20.062500	20.312500	20.062500	20.187500	20.000000	20.000000	20.375000	20.125000	20.187500	20.500000	20.187500	20.062500	20.000000	20.375000	20.250000	20.437500	20.250000	20.312500	20.500000	20.187500	20.062500	20.312500	19.875000	20.250000	20.250000	20.250000	20.062500	20.000000	20.125000	20.125000	20.375000	20.187500	20.312500	20.375000	20.312500	20.062500	20.250000	20.375000	20.437500	20.437500	20.250000	20.250000	20.250000	20.250000	20.250000	20.250000	20.375000	20.187500	20.312500	20.062500	20.250000	20.125000	20.187500	20.375000	20.375000	20.062500	20.312500	20.250000	20.250000	20.250000	20.062500	20.125000	19.812500	20.125000	20.000000	20.187500	20.062500	20.312500	20.187500	20.375000	20.187500	20.312500	20.312500	24.940000	24.880000	24.880000	24.850000	24.790000	24.860000	24.880000	24.870000	0.045776
		20.375000	20.125000	20.000000	20.125000	19.937500	20.187500	20.375000	20.250000	20.250000	20.125000	20.125000	20.250000	19.812500	20.375000	20.375000	20.500000	20.187500	20.375000	20.250000	20.062500	19.937500	20.375000	20.187500	20.062500	20.250000	20.062500	20.187500	20.000000	20.000000	20.375000	20.125000	20.187500	20.500000	20.187500	20.125000	20.000000	20.312500	20.250000	20.375000	20.250000	20.375000	20.500000	20.187500	20.062500	20.312500	19.875000	20.187500	20.250000	20.250000	20.062500	20.000000	20.125000	20.125000	20.375000	20.187500	20.250000	20.375000	20.312500	20.062500	20.312500	20.375000	20.375000	20.437500	20.250000	20.250000	20.250000	20.250000	20.250000	20.250000	20.375000	20.187500	20.312500	20.062500	20.250000	20.125000	20.187500	20.312500	20.375000	20.062500	20.312500	20.250000	20.250000	20.250000	20.062500	20.125000	19.812500	20.125000	20.000000	20.187500	20.062500	20.312500	20.187500	20.375000	20.250000	20.312500	20.375000	24.940000	24.880000	24.880000	24.850000	24.790000	24.860000	24.880000	24.870000	0.045726
		20.375000	20.125000	20.000000	20.125000	19.937500	20.125000	20.312500	20.250000	20.250000	20.125000	20.125000	20.250000	19.812500	20.375000	20.375000	20.500000	20.187500	20.437500	20.250000	20.062500	19.937500	20.375000	20.250000	20.062500	20.312500	20.062500	20.187500	20.062500	20.000000	20.375000	20.125000	20.187500	20.562500	20.187500	20.125000	19.937500	20.312500	20.250000	20.437500	20.250000	20.375000	20.500000	20.187500	20.125000	20.312500	19.875000	20.187500	20.250000	20.250000	20.062500	20.000000	20.125000	20.187500	20.375000	20.187500	20.312500	20.375000	20.312500	20.125000	20.312500	20.375000	20.375000	20.437500	20.250000	20.250000	20.250000	20.250000	20.250000	20.250000	20.375000	20.187500	20.312500	20.062500	20.250000	20.187500	20.187500	20.375000	20.375000	20.062500	20.312500	20.250000	20.250000	20.250000	20.125000	20.125000	19.812500	20.125000	20.000000	20.187500	20.062500	20.312500	20.187500	20.375000	20.187500	20.312500	20.312500	24.940000	24.880000	24.880000	24.850000	24.790000	24.860000	24.880000	24.870000	0.045776
		20.375000	20.125000	20.000000	20.125000	19.937500	20.125000	20.312500	20.250000	20.250000	20.125000	20.125000	20.250000	19.812500	20.375000	20.375000	20.562500	20.187500	20.375000	20.250000	20.062500	19.937500	20.375000	20.250000	20.062500	20.250000	20.062500	20.187500	20.000000	20.000000	20.375000	20.125000	20.187500	20.500000	20.250000	20.125000	19.937500	20.312500	20.250000	20.437500	20.250000	20.312500	20.500000	20.187500	20.125000	20.312500	19.875000	20.250000	20.250000	20.312500	20.062500	20.000000	20.125000	20.187500	20.375000	20.187500	20.312500	20.375000	20.312500	20.062500	20.250000	20.437500	20.437500	20.437500	20.250000	20.250000	20.250000	20.250000	20.250000	20.250000	20.375000	20.187500	20.312500	20.125000	20.250000	20.125000	20.187500	20.375000	20.375000	20.000000	20.312500	20.250000	20.250000	20.250000	20.125000	20.062500	19.750000	20.125000	20.000000	20.187500	20.062500	20.312500	20.187500	20.375000	20.250000	20.312500	20.312500	24.940000	24.880000	24.880000	24.850000	24.790000	24.860000	24.880000	24.870000	0.045776
		20.437500	20.125000	20.000000	20.125000	19.937500	20.125000	20.375000	20.250000	20.250000	20.125000	20.125000	20.250000	19.812500	20.375000	20.312500	20.500000	20.187500	20.375000	20.250000	20.062500	19.937500	20.375000	20.250000	20.062500	20.312500	20.062500	20.187500	20.062500	20.000000	20.375000	20.125000	20.187500	20.500000	20.250000	20.125000	20.000000	20.312500	20.250000	20.437500	20.250000	20.375000	20.500000	20.250000	20.125000	20.312500	19.875000	20.250000	20.250000	20.250000	20.062500	20.000000	20.125000	20.125000	20.437500	20.187500	20.312500	20.375000	20.312500	20.125000	20.250000	20.437500	20.437500	20.500000	20.250000	20.250000	20.250000	20.250000	20.250000	20.250000	20.375000	20.187500	20.312500	20.062500	20.250000	20.187500	20.187500	20.375000	20.375000	20.062500	20.312500	20.250000	20.250000	20.250000	20.125000	20.062500	19.812500	20.125000	20.000000	20.250000	20.062500	20.312500	20.187500	20.312500	20.250000	20.375000	20.312500	24.940000	24.880000	24.880000	24.850000	24.790000	24.870000	24.880000	24.870000	0.045776
		20.375000	20.125000	20.000000	20.125000	19.937500	20.187500	20.375000	20.250000	20.250000	20.125000	20.125000	20.250000	19.812500	20.375000	20.375000	20.500000	20.187500	20.437500	20.250000	20.062500	19.937500	20.375000	20.250000	20.062500	20.312500	20.062500	20.250000	20.062500	20.000000	20.375000	20.125000	20.187500	20.562500	20.187500	20.125000	19.937500	20.312500	20.250000	20.437500	20.250000	20.375000	20.500000	20.187500	20.062500	20.312500	19.875000	20.250000	20.250000	20.250000	20.062500	20.000000	20.125000	20.187500	20.437500	20.187500	20.312500	20.375000	20.312500	20.062500	20.250000	20.375000	20.437500	20.437500	20.250000	20.250000	20.250000	20.250000	20.250000	20.250000	20.375000	20.187500	20.312500	20.125000	20.250000	20.187500	20.187500	20.375000	20.375000	20.062500	20.312500	20.250000	20.250000	20.250000	20.062500	20.125000	19.750000	20.125000	20.000000	20.250000	20.062500	20.312500	20.187500	20.312500	20.250000	20.312500	20.312500	24.940000	24.890000	24.890000	24.850000	24.800000	24.870000	24.890000	24.870000	0.045776
		20.375000	20.125000	20.000000	20.125000	19.937500	20.125000	20.312500	20.250000	20.250000	20.125000	20.125000	20.250000	19.812500	20.375000	20.375000	20.500000	20.187500	20.437500	20.187500	20.062500	19.937500	20.375000	20.250000	20.062500	20.250000	20.062500	20.187500	20.000000	20.000000	20.375000	20.125000	20.187500	20.562500	20.250000	20.125000	20.000000	20.312500	20.250000	20.375000	20.250000	20.375000	20.500000	20.187500	20.062500	20.312500	19.875000	20.250000	20.250000	20.250000	20.062500	20.000000	20.125000	20.187500	20.437500	20.187500	20.250000	20.375000	20.312500	20.125000	20.312500	20.437500	20.437500	20.437500	20.187500	20.250000	20.250000	20.250000	20.250000	20.250000	20.375000	20.187500	20.312500	20.062500	20.250000	20.125000	20.187500	20.375000	20.375000	20.062500	20.312500	20.250000	20.187500	20.250000	20.125000	20.125000	19.812500	20.125000	20.000000	20.250000	20.000000	20.312500	20.187500	20.375000	20.250000	20.312500	20.312500	24.940000	24.890000	24.880000	24.850000	24.790000	24.860000	24.880000	24.870000	0.045776

	18B20 Temperature Average Value :
		20.381250	20.125000	20.000000	20.125000	19.937500	20.143750	20.350000	20.250000	20.250000	20.125000	20.125000	20.250000	19.812500	20.375000	20.362500	20.506250	20.181250	20.406250	20.231250	20.056250	19.937500	20.368750	20.237500	20.062500	20.281250	20.056250	20.193750	20.018750	20.000000	20.368750	20.125000	20.181250	20.525000	20.212500	20.112500	19.975000	20.318750	20.250000	20.412500	20.250000	20.362500	20.487500	20.193750	20.093750	20.312500	19.862500	20.225000	20.250000	20.256250	20.062500	20.000000	20.118750	20.156250	20.393750	20.187500	20.293750	20.368750	20.312500	20.087500	20.268750	20.406250	20.412500	20.443750	20.237500	20.250000	20.250000	20.250000	20.250000	20.250000	20.368750	20.187500	20.312500	20.075000	20.250000	20.143750	20.181250	20.356250	20.375000	20.050000	20.312500	20.250000	20.231250	20.250000	20.093750	20.106250	19.793750	20.125000	20.000000	20.212500	20.050000	20.312500	20.187500	20.356250	20.225000	20.318750	20.318750	24.940000	24.882000	24.881000	24.850000	24.791000	24.865000	24.881000	24.870000	


Cal Offset data : 		36	38	39	38	39	38	36	37	37	38	38	37	40	35	35	34	37	35	36	38	39	35	36	38	36	38	37	38	38	35	37	37	34	37	37	38	35	36	35	36	35	34	36	37	36	39	36	36	35	37	38	37	36	34	36	35	35	35	37	35	35	35	35	36	36	36	36	36	36	35	37	36	38	36	37	37	35	35	38	36	36	36	36	37	37	40	37	38	36	38	36	37	35	36	36	36	
Read VBE data : 		150	150	150	150	150	150	150	150	150	150	150	150	150	150	150	150	150	150	150	150	150	150	150	150	150	150	150	150	150	150	150	150	150	150	150	150	150	150	150	150	150	150	150	150	150	150	150	150	150	150	150	150	150	150	150	150	150	150	150	150	150	150	150	150	150	150	150	150	150	150	150	150	150	150	150	150	150	150	150	150	150	150	150	150	150	150	150	150	150	150	150	150	150	150	150	150	
Read Offset data : 		36	38	39	38	39	38	36	37	37	38	38	37	40	35	35	34	37	35	36	38	39	35	36	38	36	38	37	38	38	35	37	37	34	37	37	38	35	36	35	36	35	34	36	37	36	39	36	36	35	37	38	37	36	34	36	35	35	35	37	35	35	35	35	36	36	36	36	36	36	35	37	36	38	36	37	37	35	35	38	36	36	36	36	37	37	40	37	38	36	38	36	37	35	36	36	36	
Rotation Values : 		0	0	0	0	0	0	0	0	0	0	0	0	0	0	0	0	0	0	0	0	0	0	0	0	0	0	0	0	0	0	0	0	0	0	0	0	0	0	0	0	0	0	0	0	0	0	0	0	0	0	0	0	0	0	0	0	0	0	0	0	0	0	0	0	0	0	0	0	0	0	0	0	0	0	0	0	0	0	0	0	0	0	0	0	0	0	0	0	0	0	0	0	0	0	0	0	
		24.937500	24.937500	25.000000	25.062500	24.875000	25.000000	24.937500	24.937500	24.937500	25.000000	25.000000	25.000000	24.937500	24.812500	24.812500	24.875000	24.875000	24.875000	24.812500	24.937500	24.937500	24.812500	24.812500	24.937500	24.875000	24.937500	24.937500	24.875000	24.875000	24.812500	24.875000	24.875000	24.812500	24.937500	24.812500	24.812500	24.812500	24.812500	24.812500	24.812500	24.875000	24.812500	24.812500	24.812500	24.937500	24.875000	24.812500	24.875000	24.750000	24.812500	24.812500	24.812500	24.750000	24.750000	24.812500	24.750000	24.812500	24.812500	24.812500	24.687500	24.812500	24.812500	24.875000	24.875000	24.875000	24.875000	24.875000	24.812500	24.812500	24.812500	24.937500	24.875000	24.937500	24.812500	24.875000	24.875000	24.812500	24.875000	24.875000	24.937500	24.875000	24.812500	24.812500	24.812500	24.812500	24.875000	24.812500	24.937500	24.812500	24.875000	24.875000	24.875000	24.750000	24.812500	24.875000	24.937500					0.053864
		25.000000	24.937500	25.000000	25.062500	24.875000	25.000000	24.937500	24.937500	24.937500	25.000000	25.000000	25.000000	24.937500	24.812500	24.750000	24.875000	24.937500	24.875000	24.812500	24.937500	25.000000	24.812500	24.812500	24.937500	24.875000	24.937500	24.937500	24.875000	24.937500	24.812500	24.812500	24.875000	24.812500	24.875000	24.812500	24.812500	24.812500	24.875000	24.812500	24.812500	24.812500	24.812500	24.812500	24.875000	24.937500	24.875000	24.812500	24.875000	24.750000	24.812500	24.875000	24.875000	24.750000	24.750000	24.812500	24.750000	24.875000	24.812500	24.812500	24.750000	24.875000	24.875000	24.875000	24.875000	24.937500	24.875000	24.875000	24.875000	24.875000	24.812500	24.937500	24.937500	24.937500	24.812500	24.875000	24.937500	24.812500	24.875000	24.875000	24.937500	24.875000	24.812500	24.812500	24.812500	24.750000	24.875000	24.812500	24.937500	24.812500	24.937500	24.937500	24.875000	24.812500	24.812500	24.875000	24.937500					0.053914
		25.000000	24.937500	25.000000	25.062500	24.875000	25.000000	24.937500	25.000000	24.937500	25.000000	25.000000	25.000000	24.937500	24.812500	24.812500	24.875000	24.937500	24.875000	24.812500	24.937500	25.000000	24.812500	24.812500	24.937500	24.875000	24.937500	24.937500	24.875000	24.937500	24.812500	24.875000	24.875000	24.812500	24.937500	24.812500	24.812500	24.812500	24.812500	24.875000	24.812500	24.875000	24.812500	24.875000	24.812500	24.937500	24.875000	24.812500	24.875000	24.750000	24.812500	24.875000	24.812500	24.750000	24.750000	24.812500	24.750000	24.875000	24.812500	24.812500	24.750000	24.875000	24.812500	24.875000	24.875000	24.937500	24.875000	24.875000	24.875000	24.812500	24.812500	24.937500	24.937500	24.937500	24.812500	24.875000	24.937500	24.812500	24.875000	24.875000	24.937500	24.875000	24.812500	24.812500	24.812500	24.812500	24.937500	24.812500	24.937500	24.812500	24.875000	24.937500	24.875000	24.750000	24.812500	24.875000	24.937500					0.053864
		25.000000	25.000000	25.000000	25.062500	24.875000	25.000000	24.937500	24.937500	24.937500	25.000000	25.000000	25.000000	24.937500	24.812500	24.812500	24.812500	24.937500	24.937500	24.812500	24.937500	24.937500	24.812500	24.812500	24.937500	24.937500	24.937500	24.937500	24.875000	24.937500	24.812500	24.875000	24.875000	24.812500	24.875000	24.812500	24.812500	24.812500	24.875000	24.812500	24.812500	24.875000	24.812500	24.812500	24.875000	24.937500	24.875000	24.812500	24.875000	24.750000	24.812500	24.875000	24.812500	24.750000	24.750000	24.812500	24.750000	24.875000	24.750000	24.812500	24.750000	24.812500	24.875000	24.875000	24.875000	24.937500	24.875000	24.875000	24.875000	24.812500	24.812500	24.937500	24.937500	25.000000	24.812500	24.875000	24.937500	24.812500	24.875000	24.875000	24.937500	24.875000	24.812500	24.812500	24.812500	24.812500	24.875000	24.875000	24.937500	24.812500	24.937500	24.937500	24.875000	24.812500	24.812500	24.875000	24.937500					0.053889
		25.000000	24.937500	25.000000	25.062500	24.875000	25.000000	24.937500	25.000000	24.937500	25.000000	25.000000	25.000000	24.937500	24.812500	24.812500	24.875000	24.937500	24.875000	24.812500	24.937500	25.000000	24.812500	24.812500	24.937500	24.875000	24.937500	24.937500	24.875000	24.937500	24.812500	24.875000	24.875000	24.812500	24.937500	24.812500	24.812500	24.812500	24.875000	24.875000	24.812500	24.875000	24.812500	24.812500	24.812500	24.937500	24.875000	24.812500	24.875000	24.687500	24.812500	24.875000	24.812500	24.750000	24.812500	24.812500	24.750000	24.875000	24.812500	24.812500	24.750000	24.812500	24.875000	24.875000	24.875000	24.937500	24.812500	24.875000	24.875000	24.812500	24.812500	24.937500	24.937500	25.000000	24.812500	24.875000	24.937500	24.812500	24.875000	24.875000	24.937500	24.875000	24.812500	24.875000	24.812500	24.750000	24.875000	24.875000	24.937500	24.812500	24.937500	24.937500	24.875000	24.812500	24.812500	24.875000	24.937500					0.053864
		25.000000	24.937500	25.000000	25.062500	24.875000	25.000000	24.937500	25.000000	24.937500	25.000000	25.000000	25.000000	24.875000	24.812500	24.812500	24.812500	24.937500	24.875000	24.812500	24.937500	24.937500	24.812500	24.812500	24.937500	24.875000	24.875000	24.937500	24.875000	24.937500	24.812500	24.875000	24.875000	24.812500	24.937500	24.812500	24.812500	24.812500	24.875000	24.812500	24.812500	24.875000	24.812500	24.875000	24.875000	24.937500	24.875000	24.812500	24.875000	24.750000	24.812500	24.875000	24.812500	24.750000	24.750000	24.812500	24.750000	24.875000	24.750000	24.812500	24.750000	24.812500	24.875000	24.875000	24.875000	24.937500	24.875000	24.875000	24.875000	24.812500	24.812500	24.937500	24.937500	24.937500	24.812500	24.875000	24.937500	24.812500	24.875000	24.875000	24.937500	24.875000	24.812500	24.875000	24.812500	24.812500	24.875000	24.875000	24.937500	24.812500	24.937500	24.937500	24.875000	24.750000	24.812500	24.875000	24.937500					0.053864
		25.000000	24.937500	25.000000	25.062500	24.875000	25.000000	24.937500	25.000000	24.937500	25.000000	25.000000	25.000000	24.937500	24.812500	24.812500	24.875000	24.875000	24.937500	24.812500	24.937500	25.000000	24.812500	24.812500	24.937500	24.875000	24.937500	24.937500	24.875000	24.875000	24.812500	24.875000	24.875000	24.812500	24.937500	24.812500	24.812500	24.812500	24.875000	24.812500	24.812500	24.875000	24.812500	24.875000	24.875000	24.937500	24.875000	24.812500	24.875000	24.750000	24.812500	24.875000	24.875000	24.750000	24.750000	24.812500	24.750000	24.875000	24.812500	24.812500	24.750000	24.875000	24.875000	24.875000	24.875000	24.875000	24.875000	24.875000	24.875000	24.812500	24.812500	25.000000	24.937500	24.937500	24.812500	24.875000	24.937500	24.875000	24.875000	24.875000	24.937500	24.875000	24.812500	24.875000	24.812500	24.812500	24.875000	24.875000	24.875000	24.812500	24.937500	24.875000	24.875000	24.812500	24.812500	24.875000	25.000000					0.053864
		25.000000	25.000000	25.000000	25.062500	24.875000	25.000000	24.937500	25.000000	24.937500	25.000000	25.000000	25.000000	24.937500	24.812500	24.812500	24.875000	24.937500	24.937500	24.812500	24.937500	25.000000	24.875000	24.812500	25.000000	24.875000	24.937500	24.937500	24.875000	24.937500	24.750000	24.875000	24.875000	24.812500	24.937500	24.812500	24.812500	24.812500	24.875000	24.875000	24.812500	24.875000	24.812500	24.875000	24.875000	24.937500	24.875000	24.875000	24.875000	24.750000	24.812500	24.875000	24.875000	24.750000	24.750000	24.812500	24.750000	24.875000	24.812500	24.812500	24.750000	24.875000	24.875000	24.875000	24.875000	24.937500	24.875000	24.937500	24.875000	24.875000	24.812500	24.937500	24.937500	24.937500	24.875000	24.875000	24.937500	24.812500	24.875000	24.875000	24.937500	24.875000	24.812500	24.875000	24.812500	24.812500	24.875000	24.812500	24.937500	24.812500	24.875000	24.937500	24.875000	24.812500	24.812500	24.875000	24.937500					0.053864
		25.000000	25.000000	25.000000	25.062500	24.875000	25.000000	24.937500	25.000000	25.000000	25.000000	25.000000	25.000000	24.937500	24.812500	24.812500	24.875000	24.875000	24.937500	24.875000	24.937500	24.937500	24.875000	24.812500	24.937500	24.875000	24.937500	24.937500	24.875000	24.937500	24.812500	24.875000	24.875000	24.875000	24.937500	24.812500	24.812500	24.812500	24.875000	24.875000	24.812500	24.812500	24.812500	24.875000	24.875000	24.937500	24.812500	24.875000	24.875000	24.750000	24.812500	24.937500	24.875000	24.750000	24.750000	24.812500	24.750000	24.875000	24.812500	24.812500	24.750000	24.875000	24.875000	24.875000	24.875000	24.937500	24.875000	24.875000	24.875000	24.875000	24.812500	24.937500	24.937500	24.937500	24.812500	24.875000	24.937500	24.812500	24.875000	24.875000	24.937500	24.875000	24.812500	24.812500	24.812500	24.812500	24.937500	24.875000	24.937500	24.812500	24.937500	24.937500	24.875000	24.812500	24.812500	24.875000	24.937500					0.053864
		25.000000	24.937500	25.000000	25.062500	24.875000	25.000000	24.937500	25.000000	24.937500	25.000000	25.000000	25.062500	24.937500	24.812500	24.812500	24.875000	24.937500	24.937500	24.875000	24.937500	25.000000	24.875000	24.812500	24.937500	24.875000	24.937500	24.937500	24.875000	24.937500	24.812500	24.875000	24.937500	24.812500	24.937500	24.812500	24.812500	24.812500	24.875000	24.875000	24.812500	24.875000	24.812500	24.812500	24.875000	24.937500	24.875000	24.812500	24.937500	24.750000	24.812500	24.875000	24.875000	24.750000	24.812500	24.875000	24.750000	24.875000	24.812500	24.812500	24.750000	24.875000	24.875000	24.875000	24.875000	24.937500	24.875000	24.875000	24.875000	24.875000	24.812500	24.937500	24.937500	24.937500	24.812500	24.875000	24.937500	24.812500	24.937500	24.875000	25.000000	24.875000	24.812500	24.812500	24.812500	24.812500	24.875000	24.875000	24.937500	24.875000	24.875000	24.937500	24.875000	24.750000	24.812500	24.875000	24.937500					0.053864
	TC18B20 Temperature Average Value :
		24.993750	24.956250	25.000000	25.062500	24.875000	25.000000	24.937500	24.981250	24.943750	25.000000	25.000000	25.006250	24.931250	24.812500	24.806250	24.862500	24.918750	24.906250	24.825000	24.937500	24.975000	24.831250	24.812500	24.943750	24.881250	24.931250	24.937500	24.875000	24.925000	24.806250	24.868750	24.881250	24.818750	24.925000	24.812500	24.812500	24.812500	24.862500	24.843750	24.812500	24.862500	24.812500	24.843750	24.856250	24.937500	24.868750	24.825000	24.881250	24.743750	24.812500	24.875000	24.843750	24.750000	24.762500	24.818750	24.750000	24.868750	24.800000	24.812500	24.743750	24.850000	24.862500	24.875000	24.875000	24.925000	24.868750	24.881250	24.868750	24.837500	24.812500	24.943750	24.931250	24.950000	24.818750	24.875000	24.931250	24.818750	24.881250	24.875000	24.943750	24.875000	24.812500	24.837500	24.812500	24.800000	24.887500	24.850000	24.931250	24.818750	24.912500	24.925000	24.875000	24.787500	24.812500	24.875000	24.943750	24.940000	24.887000	24.884000	24.854000	24.796000	24.867000	24.885000	24.873000	

3.30	20.00	0.053751	0.016251	0.059999	0.122501	-0.065002	0.059999	-0.002501	0.041250	0.003750	0.059999	0.059999	0.066250	0.044247	-0.074501	-0.080750	-0.024506	0.031748	0.019247	-0.062004	0.050497	0.087997	-0.055756	-0.074501	0.056747	-0.002752	0.047249	0.053499	-0.009003	0.041000	-0.077749	-0.015253	-0.002752	-0.065250	0.041000	-0.071499	-0.071499	-0.041502	0.008493	-0.010256	-0.041502	0.008495	-0.041502	-0.010254	0.002243	0.083496	0.014746	-0.029005	0.027245	-0.052248	0.016502	0.078999	0.047749	-0.045998	-0.033499	0.022751	-0.045998	0.072748	0.004004	0.016502	-0.052248	-0.017004	-0.004503	0.007998	0.007998	0.058001	0.001747	0.014248	0.001747	-0.029503	-0.054499	0.076750	0.064251	0.064999	-0.066252	-0.010004	0.046249	-0.066250	-0.003754	-0.010004	0.058748	-0.010004	-0.072500	-0.047501	-0.072500	-0.072996	0.014500	-0.022999	0.058250	-0.054249	0.039501	0.052002	0.001999	-0.085497	-0.060497	0.001999	0.070751	
Triming Process finished

18B20 Reading Temperature Process finished,Send [NextStart@] again for next starting ...
 